1 11 90
2 13 107
3 -2 83
4 17 81
5 12 80
6 4 83
7 13 45
8 11 37
9 13 39
10 14 69
11 4 55
12 33 58
13 -9 110
14 12 102
15 16 81
16 35 41
17 29 57
18 27 88
19 24 88
20 27 55
21 34 56
22 31 106
23 -8 58
24 27 98
25 35 91
26 9 69
27 13 81
28 22 104
29 13 105
30 -10 97
31 31 106
32 8 79
33 -6 71
34 -10 50
35 25 66
36 1 99
37 22 107
38 26 65
39 29 49
40 25 60
41 -4 76
42 -9 72
43 8 76
44 6 84
45 7 70
46 21 68
47 -5 108
48 -1 106
49 4 51
50 4 61
51 -10 51
52 8 87
53 29 38
54 -1 88
55 -5 40
56 11 88
57 34 39
58 11 96
59 -4 44
60 -9 38
61 31 88
62 -8 98
63 27 43
64 3 110
65 -9 77
66 -8 74
67 30 97
68 26 45
69 21 71
70 32 77
71 18 65
72 15 110
73 8 110
74 -7 78
75 -5 37
76 10 82
77 -2 81
78 31 102
79 32 99
80 26 77
81 34 65
82 33 48
83 13 53
84 19 65
85 -7 98
86 8 54
87 26 81
88 33 76
89 8 69
90 1 84
91 35 61
92 -5 65
93 31 61
94 -10 50
95 -5 46
96 24 101
97 9 58
98 -10 83
99 23 96
100 13 91
101 -4 89
102 -2 43
103 -1 77
104 -5 71
105 4 107
106 1 44
107 11 39
108 -3 44
109 8 66
110 3 76
111 20 85
112 -2 85
113 10 73
114 -9 69
115 22 72
116 -6 75
117 -8 45
118 17 82
119 29 46
120 21 86
121 17 40
122 21 87
123 25 80
124 24 58
125 20 68
126 -5 106
127 22 57
128 3 104
129 19 101
130 7 87
131 4 106
132 7 91
133 15 68
134 34 91
135 18 52
136 -7 83
137 5 38
138 1 50
139 11 109
140 -3 100
141 1 37
142 -2 70
143 3 110
144 3 89
145 4 95
146 -9 37
147 -10 80
148 20 59
149 20 36
150 -10 88
151 4 98
152 1 93
153 15 66
154 29 84
155 -8 80
156 13 46
157 33 109
158 1 47
159 5 60
160 -3 90
161 10 52
162 18 100
163 13 99
164 11 64
165 14 41
166 27 73
167 35 64
168 34 62
169 26 78
170 9 48
171 1 37
172 14 61
173 6 59
174 27 61
175 -7 105
176 5 96
177 9 100
178 10 93
179 13 63
180 -9 104
181 33 108
182 14 71
183 35 71
184 -10 41
185 18 54
186 9 60
187 -1 62
188 7 106
189 12 92
190 17 96
191 -6 57
192 11 44
193 -8 93
194 27 43
195 18 100
196 29 54
197 9 107
198 15 96
199 0 91
200 26 64
201 25 71
202 19 39
203 17 41
204 11 48
205 31 62
206 14 50
207 -7 44
208 26 64
209 3 80
210 -8 53
211 -6 100
212 17 84
213 7 108
214 27 47
215 29 64
216 29 86
217 29 49
218 17 77
219 1 55
220 14 46
221 19 53
222 26 103
223 34 98
224 -2 40
225 2 47
226 24 77
227 14 82
228 -7 109
229 22 92
230 19 91
231 6 80
232 17 38
233 30 103
234 -1 52
235 6 83
236 23 58
237 -5 77
238 26 95
239 -4 85
240 24 104
241 12 109
242 14 64
243 21 70
244 3 97
245 20 74
246 28 98
247 -3 109
248 30 78
249 3 83
250 33 39
251 16 104
252 -2 78
253 26 52
254 21 78
255 4 97
256 21 40
257 -2 49
258 0 38
259 0 70
260 21 96
261 9 98
262 20 88
263 17 105
264 16 88
265 9 93
266 12 64
267 0 86
268 -7 96
269 22 100
270 2 73
271 0 62
272 25 94
273 17 58
274 26 37
275 14 89
276 10 57
277 18 70
278 3 103
279 30 63
280 23 52
281 4 104
282 20 45
283 23 104
284 19 39
285 -4 48
286 5 39
287 5 64
288 -9 76
289 0 94
290 24 110
291 0 72
292 -8 81
293 5 94
294 -8 100
295 -2 109
296 13 78
297 -1 102
298 9 71
299 -10 110
300 31 79
301 35 90
302 30 43
303 31 58
304 21 93
305 29 37
306 -10 87
307 5 71
308 11 60
309 -6 99
310 11 41
311 1 94
312 2 48
313 -1 36
314 -8 97
315 25 60
316 24 39
317 -5 89
318 28 54
319 27 61
320 -3 53
321 7 72
322 31 76
323 -9 109
324 22 94
325 33 103
326 -10 59
327 -6 108
328 2 78
329 31 42
330 -3 45
331 -1 61
332 21 42
333 33 59
334 29 43
335 18 70
336 28 90
337 7 99
338 0 61
339 10 105
340 -8 95
341 19 68
342 33 92
343 18 46
344 20 65
345 6 96
346 7 76
347 6 77
348 27 50
349 11 94
350 35 103
351 21 77
352 18 93
353 2 88
354 1 107
355 28 87
356 12 56
357 16 107
358 14 62
359 26 56
360 -5 45
361 -1 95
362 26 87
363 34 48
364 31 83
365 -1 76